-1 23142
-1 33387
-1 39195
-1 23142
-1 33387
-1 37444
-1 30898
-1 33387
-1 39195
-1 30898
-1 33387
-1 37444
-1 30022
-1 30022
-1 37444
-1 9187
-1 39549
-1 20406
-1 20406
-1 18470
-1 37444
-1 26555
-1 18470
-1 37444
-1 38740
-1 7747
-1 30022
-1 26020
-1 20406
-1 16393
-1 9442
-1 20406
-1 8575
-1 11178
-1 20406
-1 11178
-1 20406
-1 37444
-1 5968
-1 20406
-1 6171
-1 21805
-1 14167
-1 20047
-1 16960
-1 1543
-1 37444
-1 20047
-1 39195
-1 20047
-1 20047
-1 16960
-1 1543
-1 37444
-1 20047
-1 3120
-1 18591
-1 5548
-1 33180
-1 37444
-1 20047
-1 26555
-1 18470
-1 37444
-1 20047
-1 38740
-1 18470
-1 21805
-1 1543
-1 37444
-1 20047
-1 37444
-1 20047
-1 37444
-1 20047
-1 37444
-1 20047
-1 37444
-1 20047
-1 12177
-1 33180
-1 333
-1 27381
-1 37444
-1 20047
-1 17527
-1 36283
-1 33180
-1 37444
-1 20047
-1 13323
-1 12720
-1 1543
-1 37444
-1 20047
-1 37637
-1 33180
-1 37444
-1 38159
-1 20406
-1 38159
-1 20406
-1 26982
-1 38159
-1 20406
-1 37444
-1 38159
-1 20406
-1 36248
-1 36821
-1 33180
-1 37444
-1 23508
-1 39549
-1 37444
-1 2545
-1 30022
-1 33439
-1 3120
-1 18591
-1 5548
-1 33180
-1 37444
-1 3120
-1 18591
-1 39549
-1 26555
-1 18470
-1 37444
-1 38740
-1 18470
-1 21805
-1 1543
-1 37444
-1 1162
-1 20406
-1 1162
-1 20406
-1 37444
-1 37444
-1 9187
-1 37444
-1 36998
-1 33387
-1 36998
-1 12976
-1 33387
-1 36998
-1 19881
-1 18197
-1 20406
-1 35992
-1 32508
-1 39549
-1 34724
-1 7245
-1 5548
-1 33180
-1 3120
-1 18591
-1 37444
-1 6818
-1 20406
-1 37444
-1 37444
-1 26483
-1 20406
-1 26483
-1 20406
-1 37444
-1 12831
-1 19264
-1 33180
-1 27006
-1 30078
-1 37444
-1 30078
-1 8575
-1 16393
-1 9442
-1 20406
-1 11812
-1 20406
-1 40422
-1 4219
-1 11812
-1 20406
-1 16082
-1 5414
-1 20406
-1 13030
-1 10540
-1 20406
-1 13030
-1 10540
-1 20406
-1 37444
-1 2545
-1 2545
-1 8003
-1 2545
-1 8003
-1 37444
-1 30078
-1 27006
-1 37444
-1 30078
-1 30078
-1 32266
-1 31695
-1 26070
-1 1543
-1 39195
-1 1543
-1 37444
-1 20047
-1 16960
-1 1543
-1 37444
-1 38740
-1 18470
-1 1543
-1 37444
-1 13323
-1 12720
-1 8626
-1 33387
-1 33439
-1 20406
-1 22024
-1 35670
-1 20406
-1 39195
-1 22024
-1 35670
-1 20406
-1 37444
-1 39549
-1 39195
-1 39549
-1 37444
-1 20406
-1 13323
-1 12720
-1 1543
-1 37444
-1 40422
-1 4219
-1 13534
-1 33180
-1 3369
-1 3867
-1 33273
-1 15914
-1 20406
-1 33273
-1 20406
-1 23768
-1 20406
-1 23768
-1 20406
-1 37444
-1 33387
-1 23142
-1 39195
-1 33387
-1 23142
-1 37444
-1 33387
-1 30898
-1 39195
-1 33387
-1 30898
-1 37444
-1 33387
-1 36998
-1 33387
-1 36998
-1 12976
-1 33387
-1 8626
-1 24944
-1 26214
-1 20563
-1 20406
-1 35670
-1 20406
-1 39195
-1 35670
-1 20406
-1 37444
-1 25222
-1 20406
-1 25222
-1 20406
-1 39549
-1 39549
-1 23508
-1 39549
-1 35992
-1 32508
-1 34724
-1 7245
-1 39549
-1 39195
-1 39549
-1 37444
-1 39549
-1 39195
-1 39549
-1 37444
-1 39549
-1 3120
-1 18591
-1 21805
-1 14167
-1 5968
-1 6171
-1 37444
-1 37444
-1 4219
-1 4219
-1 40422
-1 11812
-1 30022
-1 190
-1 39195
-1 21805
-1 190
-1 37444
-1 10682
-1 654
-1 33439
-1 20406
-1 20027
-1 12889
-1 20406
-1 11707
-1 7245
-1 37444
-1 37819
-1 34724
-1 2220
-1 34243
-1 2220
-1 19881
-1 12976
-1 33387
-1 36998
-1 30898
-1 33387
-1 39195
-1 30898
-1 33387
-1 37444
-1 19881
-1 18197
-1 36998
-1 20054
-1 20563
-1 20406
-1 30591
-1 20406
-1 30591
-1 20406
-1 37444
-1 18704
-1 39549
-1 39195
-1 39549
-1 37444
-1 25222
-1 20406
-1 26214
-1 20406
-1 37444
-1 26214
-1 20563
-1 20406
-1 24944
-1 20406
-1 6171
-1 21805
-1 14167
-1 5968
-1 32266
-1 20406
-1 37444
-1 32266
-1 20406
-1 32266
-1 30078
-1 32266
-1 21805
-1 15738
-1 20406
-1 15738
-1 20406
-1 37444
-1 15738
-1 20406
-1 13534
-1 33180
-1 37444
-1 20054
-1 20563
-1 20406
-1 27027
-1 20406
-1 20406
-1 34715
-1 20406
-1 26182
-1 12177
-1 33180
-1 333
-1 27381
-1 37444
-1 17527
-1 36283
-1 33180
-1 37444
-1 13234
-1 37819
-1 26982
-1 38159
-1 20406
-1 3120
-1 18591
-1 39549
-1 35714
-1 20406
-1 30315
-1 20406
-1 15914
-1 33273
-1 20406
-1 15914
-1 33273
-1 20406
-1 37444
-1 15914
-1 5788
-1 26863
-1 20406
-1 29878
-1 30955
-1 30022
-1 12125
-1 39075
-1 16082
-1 9104
-1 37444
-1 24580
-1 6110
-1 20406
-1 24580
-1 6110
-1 20406
-1 37444
-1 3867
-1 12831
-1 19264
-1 33180
-1 3867
-1 3369
-1 3867
-1 20103
-1 39195
-1 3867
-1 20103
-1 37444
-1 3867
-1 14434
-1 7245
-1 26020
-1 20406
-1 26020
-1 20406
-1 37444
-1 26020
-1 20406
-1 4219
-1 26020
-1 30022
-1 25222
-1 20406
-1 20406
-1 20103
-1 3867
-1 39195
-1 20103
-1 3867
-1 37444
-1 654
-1 30022
-1 26020
-1 20406
-1 654
-1 33439
-1 20406
-1 20027
-1 10682
-1 10540
-1 13030
-1 20406
-1 10540
-1 13030
-1 20406
-1 37444
-1 17527
-1 36283
-1 33180
-1 37444
-1 32508
-1 39549
-1 35992
-1 34724
-1 7245
-1 20406
-1 1896
-1 20406
-1 29259
-1 30022
-1 29259
-1 30022
-1 37444
-1 28550
-1 20406
-1 28550
-1 20406
-1 37444
-1 26863
-1 20406
-1 15914
-1 5788
-1 26070
-1 31695
-1 38060
-1 6149
-1 30022
-1 39195
-1 38060
-1 6149
-1 20406
-1 37444
-1 9187
-1 37444
-1 5788
-1 15914
-1 26863
-1 20406
-1 22745
-1 20406
-1 14434
-1 20406
-1 6818
-1 14434
-1 3867
-1 38527
-1 20406
-1 38527
-1 20406
-1 37444
-1 13323
-1 12720
-1 1543
-1 37444
-1 1333
-1 20406
-1 33201
-1 12463
-1 9187
-1 135
-1 28388
-1 39549
-1 28388
-1 19138
-1 17912
-1 24580
-1 29139
-1 30835
-1 17024
-1 19838
-1 18900
-1 5650
-1 21490
-1 3716
-1 12209
-1 11924
-1 39571
-1 39571
-1 39571
-1 39571
-1 580
-1 29513
-1 30829
-1 20406
-1 28388
-1 7692
-1 7692
-1 21596
-1 21524
-1 20406
-1 28388
-1 7692
-1 21596
-1 21524
-1 20406
-1 28388
-1 37291
-1 7155
-1 28388
-1 21360
-1 23603
-1 28388
-1 32973
-1 39064
-1 21938
-1 24785
-1 20221
-1 11210
-1 12977
-1 12977
-1 7943
-1 23506
-1 17392
-1 17392
-1 17912
-1 35573
-1 580
-1 28626
-1 37311
-1 23506
-1 17392
-1 406
-1 30835
-1 28511
-1 8041
-1 11924
-1 7741
-1 34853
-1 27600
-1 23603
-1 28388
-1 20406
-1 28388
-1 21912
-1 37509
-1 31006
-1 20759
-1 33832
-1 135
-1 28388
-1 39549
-1 28388
-1 19138
-1 17912
-1 24580
-1 29139
-1 30835
-1 17024
-1 19838
-1 18900
-1 5650
-1 21490
-1 3716
-1 12209
-1 11924
-1 39571
-1 39571
-1 39571
-1 39571
-1 580
-1 29513
-1 30829
-1 20406
-1 28388
-1 7692
-1 7692
-1 21596
-1 21524
-1 20406
-1 28388
-1 7692
-1 21596
-1 21524
-1 20406
-1 28388
-1 37291
-1 7155
-1 28388
-1 21360
-1 23603
-1 28388
-1 32973
-1 39064
-1 21938
-1 24785
-1 20221
-1 11210
-1 12977
-1 12977
-1 7943
-1 23506
-1 17392
-1 17392
-1 17912
-1 35573
-1 580
-1 28626
-1 37311
-1 23506
-1 17392
-1 406
-1 30835
-1 28511
-1 8041
-1 11924
-1 7741
-1 34853
-1 27600
-1 23603
-1 28388
-1 20406
-1 28388
-1 21912
-1 37509
-1 31006
-1 20759
-1 33832
-1 15738
-1 20406
-1 34317
-1 13381
-1 39840
-1 10534
-1 29878
-1 30955
-1 33416
-1 7633
-1 20310
-1 654
-1 30022
-1 26214
-1 33265
-1 39586
-1 3259
-1 8471
-1 33180
-1 33439
-1 654
-1 30022
-1 39722
-1 1413
-1 7245
-1 1413
-1 7245
-1 33439
-1 654
-1 18218
-1 37676
-1 15405
-1 21805
-1 37676
-1 33180
-1 21805
-1 32266
-1 33180
-1 32266
-1 20406
-1 38159
-1 20406
-1 38159
-1 20406
-1 38159
-1 20406
-1 38159
-1 20406
-1 31147
-1 38159
-1 20406
-1 18218
-1 26214
-1 654
-1 30022
-1 33439
-1 654
-1 30022
-1 39722
-1 26214
-1 654
-1 30022
-1 26214
-1 40718
-1 26214
-1 654
-1 30022
-1 17890
-1 7245
-1 17890
-1 7245
-1 26214
-1 3935
-1 39586
-1 39722
-1 26214
-1 654
-1 30022
-1 34563
-1 185
-1 14574
-1 30119
-1 27301
-1 8394
-1 11177
-1 19823
-1 20406
-1 542
-1 2307
-1 17423
-1 16559
-1 33180
-1 11959
-1 32236
-1 13920
-1 13342
-1 16732
-1 20357
-1 36248
-1 27301
-1 8394
-1 11177
-1 19823
-1 20406
-1 542
-1 2307
-1 17423
-1 16559
-1 33180
-1 11959
-1 32236
-1 13920
-1 13342
-1 16732
-1 20357
-1 36248
-1 36932
-1 12430
-1 8084
-1 20406
-1 33298
-1 33707
-1 37420
-1 32569
-1 33180
-1 20362
-1 10235
-1 6120
-1 20368
-1 7256
-1 16392
-1 22433
-1 36932
-1 12430
-1 8084
-1 20406
-1 33298
-1 33707
-1 37420
-1 32569
-1 33180
-1 20362
-1 10235
-1 6120
-1 20368
-1 7256
-1 16392
-1 22433
-1 27301
-1 8394
-1 11177
-1 19823
-1 20406
-1 542
-1 2307
-1 17423
-1 16559
-1 33180
-1 11959
-1 32236
-1 13920
-1 13342
-1 16732
-1 20357
-1 36248
-1 38206
-1 21363
-1 3785
-1 27800
-1 31554
-1 27686
-1 37863
-1 2464
-1 28739
-1 9032
-1 2775
-1 27990
-1 2727
-1 18448
-1 32833
-1 6483
-1 19028
-1 10811
-1 33971
-1 12036
-1 15813
-1 38873
-1 35456
-1 3785
-1 27800
-1 31554
-1 27686
-1 37863
-1 2464
-1 28739
-1 9032
-1 2775
-1 27990
-1 2727
-1 18448
-1 32833
-1 6483
-1 19028
-1 10811
-1 33971
-1 12036
-1 15813
-1 38873
-1 35456
