-1 49146
-1 82994
-1 55200
-1 49146
-1 82994
-1 77388
-1 297
-1 82994
-1 55200
-1 297
-1 82994
-1 77388
-1 86949
-1 86949
-1 77388
-1 54938
-1 3960
-1 54938
-1 58496
-1 41482
-1 41482
-1 63314
-1 77388
-1 8750
-1 63314
-1 77388
-1 64829
-1 62033
-1 86949
-1 74419
-1 41482
-1 34764
-1 71068
-1 41482
-1 85175
-1 83355
-1 41482
-1 83355
-1 41482
-1 77388
-1 55448
-1 41482
-1 53082
-1 74884
-1 15288
-1 68387
-1 14111
-1 58387
-1 60319
-1 77388
-1 14111
-1 55200
-1 14111
-1 14111
-1 58387
-1 60319
-1 77388
-1 14111
-1 67392
-1 55157
-1 54173
-1 8810
-1 77388
-1 14111
-1 8750
-1 63314
-1 77388
-1 14111
-1 64829
-1 63314
-1 74884
-1 60319
-1 77388
-1 14111
-1 77388
-1 14111
-1 44110
-1 77388
-1 14111
-1 71588
-1 77388
-1 14111
-1 77388
-1 14111
-1 21747
-1 2425
-1 8810
-1 43249
-1 41016
-1 77388
-1 14111
-1 44557
-1 60039
-1 82631
-1 8810
-1 77388
-1 14111
-1 81224
-1 54263
-1 60319
-1 77388
-1 14111
-1 39865
-1 8810
-1 77388
-1 11443
-1 41482
-1 11443
-1 41482
-1 27094
-1 11443
-1 41482
-1 77388
-1 11443
-1 41482
-1 52571
-1 14638
-1 8810
-1 77388
-1 33516
-1 58496
-1 1178
-1 77388
-1 1178
-1 17312
-1 86949
-1 84846
-1 67392
-1 55157
-1 54173
-1 8810
-1 77388
-1 67392
-1 55157
-1 58496
-1 8750
-1 63314
-1 77388
-1 64829
-1 63314
-1 74884
-1 60319
-1 77388
-1 26580
-1 41482
-1 26580
-1 41482
-1 77388
-1 77388
-1 3960
-1 78511
-1 77388
-1 53763
-1 82994
-1 53763
-1 65274
-1 82994
-1 53763
-1 84501
-1 69300
-1 41482
-1 52504
-1 53567
-1 58496
-1 14359
-1 63384
-1 77244
-1 54173
-1 8810
-1 67392
-1 55157
-1 77388
-1 69101
-1 41482
-1 77388
-1 44110
-1 77388
-1 5019
-1 41482
-1 5019
-1 41482
-1 77388
-1 32870
-1 43241
-1 8810
-1 28351
-1 55925
-1 77388
-1 82048
-1 55925
-1 85175
-1 34764
-1 71068
-1 41482
-1 5268
-1 41482
-1 69186
-1 22008
-1 5268
-1 41482
-1 60071
-1 53255
-1 41482
-1 5520
-1 3705
-1 41482
-1 5520
-1 3705
-1 41482
-1 77388
-1 17312
-1 1178
-1 17312
-1 28729
-1 70436
-1 17312
-1 28729
-1 77388
-1 55925
-1 28351
-1 77388
-1 55925
-1 82048
-1 55925
-1 37407
-1 13176
-1 67539
-1 60319
-1 55200
-1 60319
-1 77388
-1 14111
-1 58387
-1 60319
-1 77388
-1 64829
-1 63314
-1 60319
-1 77388
-1 81224
-1 54263
-1 58298
-1 82994
-1 84846
-1 41482
-1 46026
-1 74919
-1 41482
-1 55200
-1 46026
-1 74919
-1 41482
-1 77388
-1 17746
-1 58496
-1 55200
-1 17746
-1 58496
-1 77388
-1 51382
-1 41482
-1 81224
-1 54263
-1 60319
-1 77388
-1 69186
-1 22008
-1 78693
-1 8810
-1 23803
-1 50981
-1 20621
-1 57514
-1 41482
-1 20621
-1 41482
-1 39096
-1 41482
-1 39096
-1 41482
-1 77388
-1 82994
-1 49146
-1 55200
-1 82994
-1 49146
-1 77388
-1 82994
-1 297
-1 55200
-1 82994
-1 297
-1 77388
-1 82994
-1 53763
-1 82994
-1 53763
-1 65274
-1 82994
-1 58298
-1 79165
-1 17048
-1 6204
-1 41482
-1 74919
-1 41482
-1 55200
-1 74919
-1 41482
-1 77388
-1 44389
-1 41482
-1 44389
-1 41482
-1 58496
-1 54938
-1 58496
-1 33516
-1 58496
-1 52504
-1 53567
-1 14359
-1 63384
-1 77244
-1 58496
-1 17746
-1 55200
-1 58496
-1 17746
-1 77388
-1 58496
-1 80727
-1 55200
-1 58496
-1 80727
-1 77388
-1 58496
-1 67392
-1 55157
-1 74884
-1 15288
-1 68387
-1 55448
-1 53082
-1 71588
-1 77388
-1 77388
-1 22008
-1 22008
-1 69186
-1 5268
-1 86949
-1 31034
-1 55200
-1 74884
-1 31034
-1 77388
-1 80823
-1 77858
-1 84846
-1 41482
-1 70905
-1 5189
-1 41482
-1 28773
-1 77244
-1 77388
-1 46515
-1 14359
-1 63384
-1 82188
-1 4864
-1 82188
-1 84501
-1 65274
-1 82994
-1 53763
-1 297
-1 82994
-1 55200
-1 297
-1 82994
-1 77388
-1 84501
-1 69300
-1 53763
-1 83762
-1 6204
-1 50561
-1 41482
-1 83284
-1 41482
-1 83284
-1 41482
-1 77388
-1 22428
-1 80727
-1 58496
-1 55200
-1 80727
-1 58496
-1 77388
-1 44389
-1 41482
-1 17048
-1 41482
-1 77388
-1 17048
-1 6204
-1 41482
-1 79165
-1 41482
-1 53082
-1 74884
-1 15288
-1 68387
-1 55448
-1 37407
-1 41482
-1 77388
-1 37407
-1 41482
-1 37407
-1 55925
-1 37407
-1 74884
-1 29218
-1 41482
-1 29218
-1 41482
-1 77388
-1 29218
-1 41482
-1 78693
-1 8810
-1 77388
-1 50561
-1 83762
-1 6204
-1 41482
-1 34828
-1 41482
-1 48862
-1 41482
-1 7724
-1 41482
-1 345
-1 21747
-1 2425
-1 8810
-1 43249
-1 41016
-1 77388
-1 44557
-1 60039
-1 82631
-1 8810
-1 77388
-1 67519
-1 46515
-1 27094
-1 11443
-1 41482
-1 67392
-1 55157
-1 58496
-1 75806
-1 41482
-1 71422
-1 41482
-1 57514
-1 20621
-1 41482
-1 57514
-1 20621
-1 41482
-1 77388
-1 57514
-1 20754
-1 65871
-1 83818
-1 41482
-1 66763
-1 72038
-1 86949
-1 54781
-1 80342
-1 3686
-1 60071
-1 71810
-1 77388
-1 20431
-1 31211
-1 41482
-1 20431
-1 31211
-1 41482
-1 77388
-1 50981
-1 32870
-1 43241
-1 8810
-1 50981
-1 23803
-1 50981
-1 15256
-1 55200
-1 50981
-1 15256
-1 77388
-1 50981
-1 74246
-1 77244
-1 74419
-1 41482
-1 74419
-1 41482
-1 77388
-1 74419
-1 41482
-1 22008
-1 74419
-1 86949
-1 44389
-1 41482
-1 41482
-1 15256
-1 50981
-1 55200
-1 15256
-1 50981
-1 77388
-1 77858
-1 86949
-1 74419
-1 41482
-1 77858
-1 84846
-1 41482
-1 70905
-1 80823
-1 3705
-1 5520
-1 41482
-1 3705
-1 5520
-1 41482
-1 77388
-1 44557
-1 60039
-1 82631
-1 8810
-1 77388
-1 53567
-1 58496
-1 52504
-1 14359
-1 63384
-1 77244
-1 41482
-1 36790
-1 41482
-1 57791
-1 72194
-1 86949
-1 57791
-1 72194
-1 86949
-1 77388
-1 57397
-1 41482
-1 57397
-1 41482
-1 77388
-1 83818
-1 41482
-1 57514
-1 20754
-1 65871
-1 67539
-1 13176
-1 40858
-1 311
-1 86949
-1 55200
-1 40858
-1 311
-1 41482
-1 77388
-1 3960
-1 77388
-1 65871
-1 57514
-1 20754
-1 83818
-1 41482
-1 35019
-1 41482
-1 74246
-1 41482
-1 69101
-1 74246
-1 50981
-1 14253
-1 41482
-1 14253
-1 41482
-1 77388
-1 81224
-1 54263
-1 60319
-1 77388
-1 85892
-1 41482
-1 13391
-1 64642
-1 3960
-1 85717
-1 4370
-1 58496
-1 4370
-1 41395
-1 67707
-1 20431
-1 16982
-1 81307
-1 59209
-1 80870
-1 9671
-1 11938
-1 60599
-1 43696
-1 66031
-1 30907
-1 26655
-1 5738
-1 6896
-1 7411
-1 7411
-1 7411
-1 7411
-1 71637
-1 83378
-1 9187
-1 41482
-1 4370
-1 71391
-1 71391
-1 65388
-1 75700
-1 41482
-1 4370
-1 71391
-1 65388
-1 75700
-1 41482
-1 4370
-1 20257
-1 76747
-1 4370
-1 66314
-1 62153
-1 4370
-1 85396
-1 55421
-1 1160
-1 37808
-1 63042
-1 15685
-1 57559
-1 57559
-1 9165
-1 50413
-1 70511
-1 70511
-1 14612
-1 67707
-1 2592
-1 71637
-1 51058
-1 52894
-1 50413
-1 70511
-1 20787
-1 81307
-1 9141
-1 74726
-1 6896
-1 43871
-1 15821
-1 10634
-1 62153
-1 4370
-1 41482
-1 4370
-1 10313
-1 54866
-1 35401
-1 59798
-1 56086
-1 85717
-1 4370
-1 58496
-1 4370
-1 41395
-1 67707
-1 20431
-1 16982
-1 81307
-1 59209
-1 80870
-1 9671
-1 11938
-1 60599
-1 43696
-1 66031
-1 30907
-1 26655
-1 5738
-1 6896
-1 7411
-1 7411
-1 7411
-1 7411
-1 71637
-1 83378
-1 9187
-1 41482
-1 4370
-1 71391
-1 71391
-1 65388
-1 75700
-1 41482
-1 4370
-1 71391
-1 65388
-1 75700
-1 41482
-1 4370
-1 20257
-1 76747
-1 4370
-1 66314
-1 62153
-1 4370
-1 85396
-1 55421
-1 1160
-1 37808
-1 63042
-1 15685
-1 57559
-1 57559
-1 9165
-1 50413
-1 70511
-1 70511
-1 14612
-1 67707
-1 2592
-1 71637
-1 51058
-1 52894
-1 50413
-1 70511
-1 20787
-1 81307
-1 9141
-1 74726
-1 6896
-1 43871
-1 15821
-1 10634
-1 62153
-1 4370
-1 41482
-1 4370
-1 10313
-1 54866
-1 35401
-1 59798
-1 56086
-1 29218
-1 41482
-1 30847
-1 79222
-1 46254
-1 56139
-1 66763
-1 72038
-1 77078
-1 82855
-1 17086
-1 77858
-1 86949
-1 17048
-1 35310
-1 5521
-1 36978
-1 77958
-1 8810
-1 84846
-1 77858
-1 86949
-1 77180
-1 5375
-1 77244
-1 5375
-1 77244
-1 84846
-1 77858
-1 45480
-1 39283
-1 13036
-1 74884
-1 39283
-1 8810
-1 74884
-1 37407
-1 8810
-1 37407
-1 41482
-1 11443
-1 41482
-1 11443
-1 41482
-1 11443
-1 41482
-1 11443
-1 41482
-1 21159
-1 11443
-1 41482
-1 38549
-1 45480
-1 17048
-1 77858
-1 86949
-1 84846
-1 77858
-1 86949
-1 77180
-1 17048
-1 77858
-1 86949
-1 17048
-1 39354
-1 74279
-1 17048
-1 77858
-1 86949
-1 16591
-1 77244
-1 16591
-1 77244
-1 17048
-1 10916
-1 5521
-1 77180
-1 17048
-1 77858
-1 86949
-1 31317
-1 10655
-1 25851
-1 58919
-1 56396
-1 42993
-1 8772
-1 42653
-1 67065
-1 41482
-1 16970
-1 43128
-1 30233
-1 67848
-1 8810
-1 21991
-1 58767
-1 40523
-1 66639
-1 71881
-1 18507
-1 1142
-1 52571
-1 56396
-1 42993
-1 8772
-1 42653
-1 67065
-1 41482
-1 16970
-1 43128
-1 30233
-1 67848
-1 8810
-1 21991
-1 58767
-1 40523
-1 66639
-1 71881
-1 18507
-1 1142
-1 52571
-1 1166
-1 45855
-1 19432
-1 52871
-1 41482
-1 27092
-1 27927
-1 4752
-1 64538
-1 24941
-1 70475
-1 8810
-1 37762
-1 61269
-1 71047
-1 68329
-1 33068
-1 72677
-1 47097
-1 30274
-1 71707
-1 1166
-1 45855
-1 19432
-1 52871
-1 41482
-1 27092
-1 27927
-1 4752
-1 64538
-1 24941
-1 70475
-1 8810
-1 37762
-1 61269
-1 71047
-1 68329
-1 33068
-1 72677
-1 47097
-1 30274
-1 71707
-1 56396
-1 42993
-1 8772
-1 42653
-1 67065
-1 41482
-1 16970
-1 43128
-1 30233
-1 67848
-1 8810
-1 21991
-1 58767
-1 40523
-1 66639
-1 71881
-1 18507
-1 1142
-1 52571
-1 6332
-1 67228
-1 63380
-1 45097
-1 6870
-1 37360
-1 69499
-1 15203
-1 45667
-1 31236
-1 5435
-1 63602
-1 35837
-1 43985
-1 10055
-1 37525
-1 37125
-1 54579
-1 16629
-1 62248
-1 7960
-1 48798
-1 72157
-1 17872
-1 21546
-1 52879
-1 55748
-1 33217
-1 198
-1 61350
-1 41832
-1 63380
-1 45097
-1 6870
-1 37360
-1 69499
-1 15203
-1 45667
-1 31236
-1 5435
-1 63602
-1 35837
-1 43985
-1 10055
-1 37525
-1 37125
-1 54579
-1 16629
-1 62248
-1 7960
-1 48798
-1 72157
-1 17872
-1 21546
-1 52879
-1 55748
-1 33217
-1 198
-1 61350
-1 41832
